9 9 9 9 9 9 9 9 9 9 9 9 9 9 9 9 9 9 9 9 9 9 9 9 9 9 9 9 9 9 9 9 
9 9 9 9 9 9 9 9 9 9 9 9 9 9 9 9 9 9 9 9 9 9 9 9 9 9 9 9 9 9 9 9 
9 9 9 9 9 9 9 9 9 9 9 9 9 9 9 9 9 9 9 9 9 9 9 9 9 9 9 9 9 9 9 0 
9 9 9 9 9 9 9 9 9 9 9 9 9 9 9 9 9 9 9 9 9 9 9 9 9 9 9 9 9 9 9 0 
9 9 9 9 9 9 9 9 9 9 9 9 9 9 9 9 9 9 9 9 9 9 9 9 9 9 9 9 9 9 0 0 
9 9 9 9 9 9 9 9 9 9 9 9 9 9 9 9 9 9 9 9 9 9 9 9 9 9 9 9 9 9 9 0 
9 9 9 9 9 9 9 9 9 9 9 9 9 9 9 9 9 9 9 9 9 9 9 9 9 9 9 9 9 9 0 0 
9 9 9 9 9 9 9 9 9 9 9 9 9 9 9 9 9 9 9 9 9 9 9 9 9 9 9 9 9 9 9 0 
9 9 9 9 9 9 9 9 9 9 9 9 9 9 9 9 9 9 9 9 9 9 9 9 9 9 9 9 9 9 0 0 
9 9 9 9 9 9 9 9 9 9 9 9 9 9 9 9 9 9 9 9 9 9 9 9 9 9 9 9 9 9 0 0 
9 9 9 9 9 9 9 9 9 9 9 9 9 9 9 9 9 9 9 9 9 9 9 9 9 9 9 9 9 9 0 9 
9 9 9 9 9 9 9 9 9 9 9 9 9 9 9 9 9 9 9 9 9 9 9 9 9 9 9 9 9 9 0 0 
9 9 9 9 9 9 9 9 9 9 9 9 9 9 9 9 9 9 9 9 9 9 9 9 9 9 9 9 9 9 9 0 
9 9 9 9 9 9 9 9 9 9 9 9 9 9 9 9 9 9 9 9 9 9 9 9 9 9 9 9 9 9 9 0 
9 9 9 9 9 9 9 9 9 9 9 9 9 9 9 9 9 9 9 9 9 9 9 9 9 9 9 9 9 9 0 9 
9 9 9 9 9 9 9 9 9 9 9 9 9 9 9 9 9 9 9 9 9 9 9 9 9 9 9 9 9 9 9 9 
9 9 9 9 9 9 9 9 9 9 9 9 9 9 9 9 9 9 9 9 9 9 9 9 9 9 9 9 9 9 9 0 
9 9 9 9 9 9 9 9 9 9 9 9 9 9 9 9 9 9 9 9 9 9 9 9 9 9 9 9 9 9 9 0 
9 9 9 9 9 9 9 9 9 9 9 9 9 9 9 9 9 9 9 9 9 9 9 9 9 9 9 9 9 9 0 9 
9 9 9 9 9 9 9 9 9 9 9 9 9 9 9 9 9 9 9 9 9 9 9 9 9 9 9 9 9 9 0 0 
9 9 9 9 9 9 9 9 9 9 9 9 9 9 9 9 9 9 9 9 9 9 9 9 9 9 9 9 9 9 9 0 
9 9 9 9 9 9 9 9 9 9 9 9 9 9 9 9 9 9 9 9 9 9 9 9 9 9 9 9 9 9 0 0 
9 9 9 9 9 9 9 9 9 9 9 9 9 9 9 9 9 9 9 9 9 9 9 9 9 9 9 9 9 9 0 9 
9 9 9 9 9 9 9 9 9 9 9 9 9 9 9 9 9 9 9 9 9 9 9 9 9 9 9 9 9 9 0 0 
9 9 9 9 9 9 9 9 9 9 9 9 9 9 9 9 9 9 9 9 9 9 9 9 9 9 9 9 9 9 0 9 
9 9 9 9 9 9 9 9 9 9 9 9 9 9 9 9 9 9 9 9 9 9 9 9 9 9 9 9 9 9 9 9 
9 9 9 9 9 9 9 9 9 9 9 9 9 9 9 9 9 9 9 9 9 9 9 9 9 9 9 9 9 9 0 9 
9 9 9 9 9 9 9 9 9 9 9 9 9 9 9 9 9 9 9 9 9 9 9 9 9 9 9 9 9 9 9 9 
9 9 9 9 9 9 9 9 9 9 9 9 9 9 9 9 9 9 9 9 9 9 9 9 9 9 9 9 9 9 0 9 
9 9 9 9 9 9 9 9 9 9 9 9 9 9 9 9 9 9 9 9 9 9 9 9 9 9 9 9 9 9 0 0 
9 9 9 9 9 9 9 9 9 9 9 9 9 9 9 9 9 9 9 9 9 9 9 9 9 9 9 9 9 9 0 0 
9 9 9 9 9 9 9 9 9 9 9 9 9 9 9 9 9 9 9 9 9 9 9 9 9 9 9 9 9 9 9 0 
section break
31 62 98 90 45 88 48 45 12 65 63 34 34 95 88 85 81 41 64 66 52 54 37 64 50 64 83 52 70 86 17 62 
69 66 38 39 46 51 14 76 88 75 6 22 43 1 87 3 37 75 27 89 48 55 39 42 76 0 28 44 87 40 5 63 
89 52 55 61 58 64 84 94 95 18 27 53 68 45 52 83 25 23 32 75 60 56 11 26 39 14 58 13 68 11 29 66 
62 30 65 68 88 42 88 72 91 20 89 69 96 32 28 87 72 87 72 64 56 69 87 11 59 18 87 15 35 95 45 44 
84 46 52 81 7 54 93 29 95 34 86 64 75 81 18 31 31 57 18 17 81 85 74 50 19 51 56 60 59 47 66 64 
72 78 91 14 9 43 59 75 17 88 24 33 21 81 70 77 21 91 60 96 33 88 45 78 20 23 40 29 36 79 55 87 
30 60 28 17 69 14 31 56 50 10 96 16 33 59 89 71 31 18 0 15 21 27 87 37 42 97 37 35 2 0 24 41 
61 57 97 89 91 26 24 20 49 76 58 89 5 19 34 21 8 70 59 81 2 21 4 29 99 80 9 73 81 53 22 13 
69 21 70 42 99 35 74 28 38 74 62 9 68 78 33 56 5 79 40 94 22 10 84 82 70 85 37 87 61 6 52 25 
87 84 25 8 48 86 74 64 34 88 39 94 46 67 86 24 69 65 37 42 70 35 80 93 65 85 49 93 54 36 42 14 
99 98 33 27 56 18 91 16 97 54 11 10 43 3 94 81 77 40 68 21 35 88 35 74 96 82 37 63 92 14 4 31 
40 50 5 39 42 71 73 51 22 27 88 40 43 97 56 2 85 40 46 68 83 11 33 81 76 29 16 70 3 29 79 50 
39 90 26 41 26 94 48 6 78 93 86 20 35 49 12 56 4 40 67 89 92 82 6 97 45 22 67 32 23 32 74 64 
55 57 91 12 12 55 77 69 96 6 11 94 89 92 55 43 98 82 63 6 28 9 91 55 14 25 26 71 92 92 45 56 
73 86 18 63 8 12 99 39 85 96 85 2 98 33 60 74 8 32 33 82 69 83 7 50 15 21 97 42 26 44 20 87 
20 79 77 29 30 91 22 65 0 1 81 20 86 81 19 98 42 84 10 25 5 64 43 48 5 24 59 45 25 88 0 65 
93 22 93 3 14 48 26 6 46 62 95 37 77 15 80 54 47 4 26 19 58 69 37 38 68 77 18 72 74 81 76 85 
32 80 62 54 96 58 28 55 43 43 87 0 59 23 68 68 60 77 69 33 78 81 43 19 83 79 36 95 59 86 53 44 
24 9 84 51 45 1 47 44 94 12 44 25 41 90 98 81 8 75 67 58 23 81 32 53 35 56 54 23 29 7 1 30 
57 13 26 4 71 94 55 24 95 9 84 80 53 63 54 16 16 38 15 65 8 36 73 77 91 90 47 58 93 33 22 38 
88 84 46 15 99 36 85 53 95 6 65 53 52 59 49 35 59 54 14 12 89 66 4 42 28 22 77 74 85 20 15 5 
25 94 30 55 49 8 84 64 78 18 76 16 11 93 58 75 2 39 64 86 17 64 79 21 13 28 66 94 26 30 81 27 
7 51 18 92 29 65 4 80 63 67 16 86 56 74 49 87 68 60 17 27 22 37 66 26 35 48 83 22 17 62 75 43 
14 30 72 58 8 99 5 39 22 11 83 42 57 33 62 40 10 35 32 36 71 78 3 49 5 22 88 47 8 81 85 2 
31 1 34 38 32 43 44 14 16 52 87 60 56 2 98 74 35 46 90 79 4 26 76 25 96 26 40 47 61 45 75 88 
14 30 97 78 70 36 64 4 93 16 97 92 43 18 60 1 68 39 11 66 1 77 92 54 0 92 77 4 78 38 37 44 
30 95 89 60 67 91 33 74 60 92 72 34 28 0 40 12 25 0 83 12 22 24 64 58 24 92 89 28 89 34 68 47 
96 2 38 31 65 59 80 44 22 0 38 46 9 48 23 56 80 42 94 13 67 54 14 23 64 21 77 85 92 80 3 72 
95 40 87 11 82 12 12 93 78 28 65 69 32 83 27 32 80 45 71 69 27 20 28 2 9 61 56 98 53 1 27 77 
36 73 54 48 68 23 13 22 1 76 66 29 3 60 22 25 3 45 79 56 56 65 82 2 75 18 84 80 23 35 87 8 
38 13 33 63 5 39 51 95 74 40 13 4 41 36 12 87 30 18 14 15 6 45 98 60 61 41 91 13 41 34 87 77 
18 40 84 82 43 81 63 83 94 4 26 69 69 50 71 37 52 20 24 20 63 21 2 68 55 46 34 98 29 32 31 85 
